5.0
5.236
5.262
5.366
5.247
5.212
5.081
5.031
4.972
4.935
5.03
4.963
4.876
5.09
5.166
5.2
5.17
5.193
5.245
5.071
5.007
4.994
4.902
4.879
4.869
4.849
5.005
5.571
5.596
5.718
5.473
5.205
5.224
5.036
4.895
4.827
4.762
4.739
4.707
4.72
4.734
4.706
4.655
5.104
5.364
5.837
5.999
6.06
5.767
5.617
5.276
5.281
5.016
4.913
5.364
5.313
5.953
6.37
5.95
5.947
5.801
5.58
5.898
6.044
6.606
5.994
7.427
8.102
8.17
8.95
10.191
9.073
8.175
7.611
7.422
7.247
7.035
6.985
7.077
7.288
7.198
6.998
6.985
6.998
7.173
7.272
7.351
7.361
7.409
7.403
7.412
7.349
7.401
7.39
7.513
7.17
6.899
6.993
6.975
7.139
7.547
7.538
7.269
7.196
7.162
6.981
6.911
6.768
6.653
6.662
6.875
7.216
7.471
7.484
7.497
7.465
7.407
7.371
7.368
7.333
7.325
7.355
7.413
7.442
7.464
7.427
7.38
7.344
7.361
7.445
7.416
7.334
7.39
7.412
7.392
7.386
7.348
7.41
6.843
6.842
6.143
5.793
5.614
5.532
5.449
6.354
6.751
6.996
7.192
7.375
7.378
7.371
7.331
7.365
7.432
7.387
7.399
7.377
7.376
7.39
7.347
7.409
7.396
7.352
7.334
7.369
7.384
7.438
7.351
7.386
7.334
7.385
7.594
7.659
7.611
7.561
7.464
7.414
7.4
7.353
7.368
7.387
7.315
7.577
7.573
7.53
7.424
7.42
7.398
7.355
7.362
7.395
7.382
7.417
7.365
7.443
7.418
7.412
7.363
7.355
7.305
7.269
7.275
7.339
7.33
7.324
7.317
7.265
7.324
7.322
7.303
7.326
7.402
7.319
7.339
7.541
7.573
7.345
7.589
7.592
7.538
7.496
7.432
7.384
7.371
7.359
7.488
7.453
7.497
7.483
7.408
7.362
7.544
7.477
7.474
7.552
7.96
7.559
6.653
6.079
6.076
6.141
6.005
6.056
6.036
5.901
5.71
5.581
5.488
5.468
2.196
3.678
4.316
4.508
4.61
4.768
4.924
