5.0
5.12
5.10
5.4
5.11
5.13
5.20
5.23
5.27
5.29
5.23
5.27
5.33
5.19
5.14
5.12
5.13
5.12
5.9
5.19
5.23
5.24
5.30
5.31
5.32
5.33
5.22
4.49
4.48
4.42
4.54
5.9
5.8
5.20
5.28
5.33
5.37
5.39
5.41
5.40
5.39
5.41
5.44
5.14
4.58
4.34
4.26
4.24
4.37
4.44
5.2
5.18
5.25
4.57
5.0
4.27
4.10
4.27
4.34
4.45
4.29
4.22
4.0
4.24
3.33
3.15
3.13
2.56
2.35
2.54
3.13
3.27
3.32
3.37
3.43
3.45
3.42
3.35
3.38
3.44
3.38
3.35
3.32
3.30
3.32
3.30
3.26
3.36
3.45
3.41
3.42
3.37
3.25
3.32
3.34
3.35
3.40
3.43
3.47
3.51
3.43
3.32
3.25
3.24
3.25
3.26
3.27
3.28
3.27
3.25
3.24
3.23
3.24
3.25
3.26
3.23
3.24
3.26
3.24
3.25
3.23
3.40
4.5
4.19
4.28
4.31
4.35
3.56
3.42
3.34
3.28
3.23
3.22
3.23
3.22
3.20
3.21
3.22
3.20
3.21
3.22
3.20
3.18
3.21
3.20
3.21
3.19
3.14
3.12
3.13
3.14
3.16
3.17
3.18
3.19
3.18
3.17
3.19
3.12
3.13
3.16
3.17
3.16
3.15
3.16
3.14
3.15
3.16
3.17
3.18
3.16
3.17
3.15
3.16
3.15
3.13
3.15
3.14
3.9
3.8
3.14
3.7
3.8
3.9
3.11
3.12
3.9
3.10
3.8
3.10
3.11
3.7
3.8
3.6
2.56
3.6
3.31
3.51
3.50
3.48
3.53
3.51
3.52
3.57
4.4
4.10
4.14
4.15
10.27
6.14
5.18
5.4
4.58
4.47
4.38
